[ 2 66 2 543 231 2 656[1]7656
2 66 2 543 231 2 4 34543 22
2 66 2 543 231 2 656[1]7656
2 66 2 543 231 2 4 34543 22]
----------¼ä×à------
[ 2 66 2 543 231 2 656[1]7656
2 66 2 543 231 2 4 34543 22
2 66 2 543 231 2 656[1]7656
2 66 2 543 231 2 4 34543 22]

2 456 1 6 565456 #66#66 4 6 565 453
2 456 [2 1]5#66  4 56#66 4  3 432
2 456 1 6 565456 #66#66 4 6 565 453
2 456 [2 1]5#66  4 56#66 4  3 432
4 5 156 56#6 5#66 234 245 2 54 543
4 5 156 56#6 [1]#66  34 6 5 2 34 543 6
[4 31]6 564 566 6#6 [1]#66 465 2 56
[4 31]6 564 566 45 6#66[1 2 132]
[2]6[2] [1]5[1] 6 4 5432312
[2]6[2] [1]5[1] 6 4 5432312
2 456 1 6 565456 #66#66 4 6 565 453
2 456 [2 1]5#66  4 56#66 4  3 432 
4 5 156 56#6 5#66 234 2 45 2 54 543 
4 5 156 56#6 [1]#66  34 6 5 2 34 543 6
[4 31]6 564 566 6#6 [1]#66 465 2 56
[4 31]6 564 566 45 6#66[1 2 132]  2:28
£¨2 4 6 567£©1£¨7£©1£¨6 5 757£© 2£¨756£©
£¨2 4 6 567£©1£¨7£©1£¨6 5 757£© 2 121£¨76£©
2 £¨26£©2  345 123 432 3212
2 £¨26£©2  345 123 654 5432
2 £¨26£©2  345 123 432 3212
2 £¨26£©2  345 123 654 5432
4 5 156 56#6 5#66 234 2 45 2 54 543 
4 5 156 56#6 [1]#66  34 6 5 2 34 543 6
[4 31]6 564 566 6#6 [1]#66 465 2 56
[4 31]6 564 566 45 6#66[1 2 343]
[222 21]#6 666 654 543 23#12  x4
[ 2 66 2 543 231 2 656[1]7656
2 66 2 543 231 2 4 34543 22
2 66 2 543 231 2 656[1]7656
2 66 2 543 231 2 4 34543 22]

