432 212 456 [4 321] 6 56 2 234 543 
(6)1 22 1 22 456
654 56542 24 56542 4 321
22 1 22 [21]6 654 5654 24321 2
(6)1 22 1 22 456  654 56542
24 56542 24 321
22 1 22 [21]6  |6 [4321]6|
654 5654 24 321 22212
6[1 22 1 24 321] 6 
654 554 5654 3 4312
6 [43 22 1 24 321] 6
654 5654 24 321 2212
432 2122 456
[4 321]6 562 234 543 
(6)1 22 1 22 456
654 56542 24 56542 24 321
22 1 22 [21]6  
654 5654 24 321 2
(6)1 22 1 22 456
654 56542 24 56542 24 321
22 1 22 [21]6  [2321]? 5654 35[1 22 1 2] 2:03
6[1 22 1 24 321] 6 
654 554 5654 3 4312 
6[43 22 1 24 321] 6
654 5654 24 321 2212
6[12] 6[12 4321]6 345 154 343212
6[12 123 4 321] 6
345 545#6[2 2 32#1]
(6)1 222 21 222 45 666 65456 6[2] 64 555 54 555 35[1] 666 65456  
(6)1 222 21 222 45 666 65456 6[2] 64 555 54 3431 222 432 2:53
(6)1 222 21 222 45 666 65456 6[2] 64 555 54 555 35[1] 666 65456  
(6)1 222 21 222 45 666 65456 6[2] 64 555 54 3431 222 432 
6[1 22 1 24 321] 6 654 554 5654 3 4312 
6[43 22 1 24 321] 6
654 5654 24 321 2212
#6[#1 #2#2 #1 #2#4 4#2#1] #6 #6#5#4 #5#5#4 #5#6#5#4 4 #44#1#2 
#6[#44 #2#2 #1 #2#4 4#2#1] #6
#6#5#4 #5#5#4 #6[#14] [#2#2#1#2] 
#6[#1 #2#2 #1 #2 #2#4 4#2#1]#6
?
?
#5#5#4#5 #2#6#4 4#2#1#2
[#2#2#1#2 #2#4 4#2#1]#6
[#2#4 #5#5 #4 4#44#1 #2#2#1#2]



