
[232 #1]76 67[#1] 73#4 567 623 #4 5#4(7)  
[232 #1]76 67[#1] 73#4 567 6[23 #4 3#43]
737 65#4 23#43 737 67[2]7 67[1]767 6 5#43 3#45#432 3#456
737 65#4 23#43 737 67[2]7 67[1]767 6 5#43 3#4567[23]
2#456[2]6 65#43 2#456[2]6 [65#43]
[234 4321] 5 [12#2 #221]7 5 25 5#6[21] [1]645
2#456[2]6 65#43 2#456[2]6 [65#43]
[234 4 4321]5 [12#2 #221]7 5 25 5#6[21] [4#665]
6 6 67[1 2 2 2 545 2 2 2 1]6[1] 7[1]7#6 
6 6 67[1 2 2 2 543 4 4 4 545 6]
6 6 67[1 2 2 2 545 2 2 2 1]6[1] 7[1]7#6 
6 6 67[1 2 2 2 543 4 4 4 545 6 56 ]
[431]5 [1]5[1]6 X3
234  5 56[12] 
737 65#4 23#43 737 67[2]7 67[1]767 6 5#43 3#45#432 3#456 